 CORP."
-111.62
 N.A."
 INC."
 CO."
-130.66
-64.55
 LTD."
 USA"
3108.68
 CINCINNATI"
-87.45
3819.21
-16.95
-56.0
-41.51
-95.98
-70.41
-103.85
-115.71
 INC."
 SEATTLE"
-33.47
-97.14
 INC."
 INC."
-149.6
-113.86
 MPLS"
-58.48
-129.4
-102.89
-96.86
-69.15
-145.84
 LLC"
-92.13
-81.83
-2.08
-139.51
-10.57
-110.32
1885.17
-41.23
-33.35
-31.77
-98.18
-19.91
3264.93
-12.51
4216.26
-37.22
-21.58
-118.12
-16.35
-71.12
1681.84
-18.17
 N.A."
-131.42
-128.68
4406.99
-62.15
 LLC"
-41.25
-64.61
-99.96
 CINCINNATI"
-11.02
3008.55
-144.2
-90.07
-19.74
 INC."
-85.65
-101.12
 LLC"
-139.49
1719.78
-140.12
-44.18
-46.77
-100.84
-17.33
 LLC"
-33.17
 CORP."
-9.52
-8.52
-147.01
-106.44
4335.15
-7.33
-65.61
-140.1
2130.23
-117.46
-112.92
-121.99
3847.16
-110.79
 LLC"
-31.54
-119.71
 SEATTLE"
-116.45
-102.57
-6.08
 CORP."
-118.39
-19.12
 INC."
-81.69
-101.25
-100.31
-127.51
-47.77
-45.76
 LLC"
-62.1
2130.55
-49.69
-77.65
-110.92
 INC."
-142.9
-121.37
4451.81
-69.4
-105.06
-99.1
-115.97
-28.03
-84.5
 INC."
-90.13
-122.62
-83.09
-68.61
 CORP."
-42.64
-42.21
-22.48
-106.55
-82.31
2668.43
-4.89
-2.87
-128.31
-110.73
-74.26
-59.55
-109.18
-147.15
3275.68
1907.1
 CORP."
-114.66
-125.12
-4.87
2172.67
-7.96
-126.21
 INC."
-70.83
-91.67
-123.26
 INC."
-57.55
 INC."
 CINCINNATI"
-147.61
3484.56
-3.87
-66.16
-70.04
-79.22
-138.1
-124.21
 INC."
-38.09
-58.09
-28.91
-52.37
-84.26
-37.72
-37.57
-68.33
 INC."
-56.62
-149.5
-69.15
 LLC"
 CO."
 SEATTLE"
-79.65
-30.73
-4.09
 INC."
-20.69
